function coeffs_c = bicubic_kernel_coeffs(s1,t1)
%BICUBIC_KERNEL_COEFFS
%    COEFFS_C = BICUBIC_KERNEL_COEFFS(S1,T1)

%    This function was generated by the Symbolic Math Toolbox version 8.7.
%    16-Aug-2021 18:22:21

t3 = s1.^2;
t4 = s1.^3;
t5 = t1.^2;
t6 = t1.^3;
t12 = t1./2.0;
t7 = t3.*2.0;
t8 = t3.*4.0;
t9 = t4.*3.0;
t10 = t3.*5.0;
t11 = t5.*2.0;
t14 = -t4;
t17 = -t5;
t18 = t5./2.0;
t19 = t6./2.0;
t20 = t6.*(3.0./2.0);
t21 = t5.*(5.0./2.0);
t13 = -t7;
t15 = -t9;
t16 = -t10;
t22 = -t19;
t23 = -t20;
t24 = -t21;
t25 = t3+t14;
t31 = t12+t17+t19;
t26 = s1+t4+t13;
t27 = s1+t8+t15;
t28 = t9+t16+2.0;
t29 = t18+t22;
t30 = t20+t24+1.0;
t32 = t11+t12+t23;
coeffs_c = [(t25.*t29)./2.0,t27.*t29.*(-1.0./2.0),t28.*t29.*(-1.0./2.0),(t26.*t29)./2.0,t25.*t32.*(-1.0./2.0),(t27.*t32)./2.0,(t28.*t32)./2.0,t26.*t32.*(-1.0./2.0),t25.*t30.*(-1.0./2.0),(t27.*t30)./2.0,(t28.*t30)./2.0,t26.*t30.*(-1.0./2.0),(t25.*t31)./2.0,t27.*t31.*(-1.0./2.0),t28.*t31.*(-1.0./2.0),(t26.*t31)./2.0];
