p.ts= 0.005;
p.MeasWindFiltTime= 10;

p.MinTorqueSetpoint = -3600;
p.PowPITime = 3;
p.PowPIGain = 7.14;
p.DTDampGain = 3;
p.DTDampPeakFreq = 1.45;
p.DTDampShapeFactor = 0.6;
p.DTDampLeadTime = 0.1;
p.PowGSTrqBin = [0; 15; 30; 45];
p.PowGSGain = [0.3; 0.533; 0.767; 1];
p.PowGSTimeConst = 1;
p.RatedTorque = 22557.911355586821;
p.RatedRpm = 1452;
p.GearRatio = 120.45;
p.LambdaOpt = 8.95;
p.MaxPitchRate = 8.5;
p.MeasTrqFiltTime = 0.1;
p.MinPitchRate = -2.8;
p.PitBoostFac = 0.5;
p.PitBoostStart = 7;
p.PitFineAngle = [14; 8.5; 5; 1; 0; 0; 1.5; 2];
p.PitFineLambda = [3; 4; 5; 6.5; 7.5; 9.7; 11; 12];
p.PitFineRateMax = 1;
p.PitGSGain = [1; 0.57; 0.27; 0.11];
p.PitGSPitchBin = [5; 10; 20; 40];
p.PitPIGain = 0.8;
p.PitPITime = 2.6;
p.PitchOpt = 0;
p.RotorRadius = 57.065999999999995;
p.RpmMin = 780;
p.SetPitchGap = 12;
p.SetRpmFiltTime = 5;
p.SetRpmRateMax = 2.8;
p.SetRpmShift = 5.5;
p.SetRpmShiftPit = 6.13;
p.PitFineDeadbandPct = 6;
p.RotorInertia= 1.3747e+03;
p.GenoInertia= 271;
p.RotorMass= 4.1078e+04;
p.RatedPower= 3430;

p.CpPoly= [-0.057507 -9.320872 69.912672 -168.699232 199.121054 -119.215205 29.04841 -1.196899 51.625364 -200.017913 239.861383 -80.745424 -2.547784 2.127477 -55.104182 34.999019 139.726813 -228.88434 -0.864268 14.551315 61.17942 -69.853048];
p.LambdaMaxEst= 13;
p.LambdaMinEst= 1;
p.PitMaxEst= 60;
p.PitchLimEst= [-0.75 3.768711 13.75 20.618516 30.109966 35];
p.LambdaLimEst= [7.212257 4.948491 2.788968 1.751124 1.167704 1.002089];
p.CpOpt= 0.4964;
p.CtPoly= [5.431466 -64.501006 290.96409 -631.896949 732.950825 -437.535263 105.896783 -57.318471 551.488191 -1877.285216 2925.667227 -2168.428063 620.367928 248.097501 -1910.823475 4826.046884 -4998.915007 1812.132952 -554.377946 3336.672265 -5768.095959 3056.268162 657.665474 -2848.358467 2569.575471 -381.587525 933.478899 80.137211];
p.CtOpt= 0.8126;
p.Acorr= 3;
p.CpMin= -0.1000;