% Parameters
tauTheta= 0.325;
Jgen= 271;
Jrot= 1374.7;
cDT= 20054.4113053529;
dDT= 157.840776874851;
mTow= 235262.4;
mFlap= 8215.6;
cTow= 865822.34247156;
dTow= 4499.21510105371;
cFlap= 116614.214268352;
dFlap= 366.529285732277;
thrustForceFact= 0.7;
rotWindFact= 0.7;
tipLoss= 0.995;
ngear= 120.45;
Rrot= 57.066;
LambdaMin= 0;
Arot= 10230.6855594164;
CpPolyCoeff_00= -0.0285464748;
CpPolyCoeff_01= -0.00990234439333333;
CpPolyCoeff_02= 0.000293355439666667;
CpPolyCoeff_03= -1.9862159037037e-06;
CpPolyCoeff_10= -0.355913912369231;
CpPolyCoeff_11= 0.0328549111405128;
CpPolyCoeff_12= -0.000584481109931624;
CpPolyCoeff_13= 2.57239058618234e-06;
CpPolyCoeff_20= 0.205352960833136;
CpPolyCoeff_21= -0.00979180394607495;
CpPolyCoeff_22= 2.85560700716634e-05;
CpPolyCoeff_23= 8.31948939513478e-07;
CpPolyCoeff_30= -0.0381166585183432;
CpPolyCoeff_31= 0.000903255883183129;
CpPolyCoeff_32= 8.76958351959743e-06;
CpPolyCoeff_33= -7.30690272661373e-08;
CpPolyCoeff_40= 0.00346079238141522;
CpPolyCoeff_41= -2.3389720524258e-05;
CpPolyCoeff_42= -1.10502459040883e-06;
CpPolyCoeff_50= -0.000159384711702079;
CpPolyCoeff_51= -5.67709768116645e-08;
CpPolyCoeff_60= 2.9874044578934e-06;
CtPolyCoeff_00= 4.4136092716;
CtPolyCoeff_01= -0.77628315891;
CtPolyCoeff_02= 0.0560011192535;
CtPolyCoeff_03= -0.00208559036536852;
CtPolyCoeff_04= 4.1236031186142e-05;
CtPolyCoeff_05= -3.98762889422582e-07;
CtPolyCoeff_06= 1.39573683253172e-09;
CtPolyCoeff_10= -4.03180903658462;
CtPolyCoeff_11= 0.574537569239231;
CtPolyCoeff_12= -0.0331781016193376;
CtPolyCoeff_13= 0.000965591126260328;
CtPolyCoeff_14= -1.37379872405283e-05;
CtPolyCoeff_15= 7.50380810113367e-08;
CtPolyCoeff_20= 1.39903798540828;
CtPolyCoeff_21= -0.150442008532702;
CtPolyCoeff_22= 0.00644583448050362;
CtPolyCoeff_23= -0.000128401127993738;
CtPolyCoeff_24= 9.53337089878096e-07;
CtPolyCoeff_30= -0.233718461883204;
CtPolyCoeff_31= 0.0180351781873782;
CtPolyCoeff_32= -0.00051359408469734;
CtPolyCoeff_33= 5.23340647271785e-06;
CtPolyCoeff_40= 0.0208534659288891;
CtPolyCoeff_41= -0.00102824635224829;
CtPolyCoeff_42= 1.43215810681543e-05;
CtPolyCoeff_50= -0.000957575700898751;
CtPolyCoeff_51= 2.26286238582826e-05;
CtPolyCoeff_60= 1.78278705177271e-05;
Tgen_trq_avg= 3.3;

MlossAbs= 0.22;
MlossRel= 0.05;